run1: 3.158301570715949ppm
run2: -112.4096970210875ppm
run3: -69.986349570339ppm