run1: 3.158301570715949ppm
run2: -112.4096970210875ppm
run3: -69.986349570339ppm
run4: 3.691811042427773ppm
run5: 3.027230614183196ppm
run6: 3.064071060876472ppm